#DataThief C:\Users\chelsea\OneDrive\Documents\PhD\Acetylene\DicationPES.png Thursday 6-Oct-2016 5:49:08 PM
1.8069, 38.2551
1.8186, 38.2551
1.8186, 38.2377
1.8303, 38.2377
1.8418, 38.2377
1.8418, 38.2203
1.8302, 38.2028
1.8302, 38.1854
1.8186, 38.1679
1.8186, 38.1505
1.8302, 38.133
1.8302, 38.1156
1.8418, 38.0981
1.8418, 38.0807
1.8418, 38.0632
1.8535, 38.0458
1.8535, 38.0284
1.8535, 38.0109
1.8652, 37.9935
1.8652, 37.976
1.8768, 37.9586
1.8768, 37.9411
1.8768, 37.9237
1.8883, 37.9062
1.8883, 37.8888
1.9001, 37.8713
1.9001, 37.8538
1.9001, 37.8364
1.9117, 37.819
1.9117, 37.8014
1.9234, 37.7841
1.9234, 37.7666
1.9234, 37.7492
1.935, 37.7317
1.935, 37.7143
1.935, 37.6968
1.9466, 37.6794
1.9466, 37.6619
1.9583, 37.6444
1.9583, 37.627
1.9583, 37.6096
1.97, 37.592
1.97, 37.5747
1.9816, 37.5573
1.9816, 37.5398
1.9816, 37.5224
1.9933, 37.5049
2.0049, 37.4875
2.0049, 37.47
2.0049, 37.4526
2.0166, 37.4351
2.0282, 37.4351
2.0282, 37.4177
2.0282, 37.4002
2.0165, 37.3828
2.0165, 37.3653
2.0282, 37.3653
2.0398, 37.3479
2.0515, 37.3304
2.0515, 37.313
2.0632, 37.2955
2.0631, 37.2781
2.0748, 37.2606
2.0748, 37.2432
2.0865, 37.2257
2.0981, 37.2083
2.0981, 37.1908
2.1098, 37.1734
2.1098, 37.1559
2.1214, 37.1385
2.1214, 37.121
2.1331, 37.1036
2.1447, 37.0862
2.1447, 37.0687
2.1564, 37.0513
2.1564, 37.0338
2.168, 37.0164
2.168, 36.9989
2.1797, 36.9815
2.1797, 36.964
2.1913, 36.964
2.1913, 36.9466
2.203, 36.9291
2.203, 36.9117
2.2029, 36.8942
2.2029, 36.8768
2.2146, 36.8593
2.2263, 36.8593
2.2263, 36.8418
2.2379, 36.8418
2.2496, 36.8244
2.2612, 36.807
2.2729, 36.7894
2.2845, 36.7721
2.2962, 36.7546
2.2962, 36.7372
2.3078, 36.7197
2.3195, 36.7023
2.3312, 36.6848
2.3428, 36.6674
2.3545, 36.6499
2.366, 36.6324
2.3778, 36.615
2.3894, 36.5976
2.3894, 36.5802
2.4011, 36.5627
2.4127, 36.5627
2.4127, 36.5453
2.4243, 36.5278
2.436, 36.5104
2.4477, 36.4929
2.4594, 36.4929
2.471, 36.4755
2.4827, 36.4755
2.4827, 36.458
2.4943, 36.458
2.4943, 36.4405
2.506, 36.4405
2.5175, 36.4231
2.5293, 36.4057
2.541, 36.4057
2.5526, 36.3881
2.5643, 36.3708
2.5758, 36.3533
2.5876, 36.3359
2.5992, 36.3359
2.6109, 36.3359
2.6226, 36.3359
2.6341, 36.3359
2.6341, 36.3184
2.6459, 36.301
2.6575, 36.2835
2.6692, 36.2835
2.6808, 36.2661
2.6925, 36.2661
2.7042, 36.2486
2.7158, 36.2486
2.7275, 36.2312
2.7391, 36.2312
2.7508, 36.2137
2.7625, 36.2137
2.7625, 36.1963
2.7741, 36.1963
2.7858, 36.1963
2.7974, 36.1963
2.8091, 36.1963
2.8208, 36.1963
2.8324, 36.1963
2.8324, 36.1788
2.8441, 36.1614
2.8557, 36.1614
2.8674, 36.1614
2.8791, 36.1439
2.8907, 36.1439
2.9024, 36.1439
2.914, 36.1439
2.9257, 36.1265
2.9374, 36.1265
2.9489, 36.1265
2.9607, 36.1091
2.9723, 36.1091
2.984, 36.1091
2.9957, 36.1091
3.0073, 36.1091
3.019, 36.1091
3.0307, 36.1091
3.0423, 36.1091
3.0423, 36.0916
3.054, 36.0916
3.0656, 36.0742
3.0773, 36.0742
3.0889, 36.0742
3.1006, 36.0742
3.1123, 36.0742
3.1239, 36.0567
3.1356, 36.0567
3.1473, 36.0567
3.1589, 36.0567
3.1706, 36.0567
3.1822, 36.0567
3.1939, 36.0567
3.2056, 36.0567
3.2172, 36.0567
3.2288, 36.0567
3.2405, 36.0567
3.2405, 36.0393
3.2522, 36.0218
3.2639, 36.0218
3.2755, 36.0218
3.2872, 36.0218
3.2988, 36.0218
3.3105, 36.0218
3.3222, 36.0044
3.3338, 36.0044
3.3455, 36.0044
3.3571, 36.0044
3.3688, 36.0044
3.3805, 36.0044
3.3921, 36.0044
3.4038, 36.0044
3.4155, 36.0044
3.4271, 36.0044
3.4388, 36.0044
3.4504, 35.9868
3.4621, 35.9695
3.4737, 35.9695
3.4854, 35.9695
3.4971, 35.9695
3.5087, 35.9695
3.5204, 35.9695
3.5321, 35.952
3.5436, 35.952
3.5554, 35.952
3.567, 35.952
3.5787, 35.952
3.5904, 35.9695
3.6019, 35.9695
3.6137, 35.952
3.6253, 35.952
3.637, 35.9346
3.6487, 35.9346
3.6602, 35.9171
3.672, 35.9171
3.6836, 35.9171
3.6953, 35.9171
3.7069, 35.9171
3.7186, 35.8997
3.7303, 35.8997
3.7419, 35.8997
3.7536, 35.8997
3.7652, 35.8822
3.7769, 35.8822
3.7886, 35.8822
3.8002, 35.8822
3.8119, 35.8822
3.8235, 35.8822
3.8352, 35.8822
3.8469, 35.8648
3.8586, 35.8648
3.8702, 35.8473
3.8819, 35.8473
3.8935, 35.8473
3.9052, 35.8473
3.9167, 35.8298
3.9285, 35.8298
3.9402, 35.8298
3.9518, 35.8298
3.9635, 35.8124
3.9752, 35.8124
3.9868, 35.8124
3.9985, 35.8124
4.0101, 35.8124
4.0218, 35.8124
4.0335, 35.8124
4.0451, 35.795
4.0568, 35.795
4.0684, 35.7774
4.0801, 35.7774
4.0917, 35.7601
4.1034, 35.7601
4.1151, 35.7601
4.1267, 35.7426
4.1384, 35.7426
4.1501, 35.7426
4.1617, 35.7426
4.1734, 35.7252
4.185, 35.7252
4.1967, 35.7252
4.2083, 35.7077
4.22, 35.7077
4.2317, 35.7077
4.2433, 35.7077
4.255, 35.7077
4.2667, 35.7077
4.2783, 35.7077
4.29, 35.7077
4.29, 35.6903
4.3016, 35.6728
4.3133, 35.6728
4.3249, 35.6554
4.3366, 35.6554
4.3483, 35.6554
4.3599, 35.6379
4.3716, 35.6379
4.3832, 35.6379
4.3949, 35.6205
4.4066, 35.6205
4.4182, 35.6205
4.4299, 35.6205
4.4415, 35.6031
4.4532, 35.6031
4.4649, 35.5856
4.4765, 35.5856
4.4882, 35.5856
4.4998, 35.5856
4.5114, 35.5856
4.5232, 35.5856
4.5348, 35.5856
4.5348, 35.5682
4.5465, 35.5507
4.5581, 35.5333
4.5697, 35.5333
4.5815, 35.5333
4.5931, 35.5158
4.6048, 35.5158
4.6164, 35.5158
4.628, 35.4984
4.6398, 35.4984
4.6514, 35.4809
4.6631, 35.4809
4.6747, 35.4809
4.6864, 35.4809
4.6981, 35.4635
4.7097, 35.4635
4.7214, 35.446
4.733, 35.446
4.7447, 35.446
4.7564, 35.446
4.768, 35.446
4.7797, 35.446
4.7797, 35.4285
4.7913, 35.4111
4.803, 35.4111
4.8146, 35.3937
4.8263, 35.3937
4.838, 35.3937
4.8496, 35.3761
4.8613, 35.3761
4.8729, 35.3588
4.8846, 35.3588
4.8963, 35.3588
4.9079, 35.3413
4.9196, 35.3413
4.9312, 35.3413
4.9428, 35.3239
4.9546, 35.3239
4.9662, 35.3064
4.9779, 35.289
4.9895, 35.289
4.9895, 35.2715
5.0012, 35.2715
