#DataThief C:\Users\chelsea\OneDrive\Documents\PhD\Acetylene\DicationPES.png Thursday 6-Oct-2016 5:50:24 PM
5.0478, 35.2541
5.0594, 35.2541
5.0712, 35.2541
5.0828, 35.2541
5.0945, 35.2366
5.1061, 35.2366
5.1178, 35.2192
5.1295, 35.2192
5.1411, 35.2192
5.1528, 35.2017
5.1644, 35.2017
5.1761, 35.2017
5.1877, 35.1843
5.1994, 35.1843
5.2111, 35.1668
5.2227, 35.1668
5.2344, 35.1668
5.246, 35.1494
5.2577, 35.1494
5.2694, 35.132
5.281, 35.132
5.2927, 35.132
5.3043, 35.1145
5.316, 35.1145
5.3277, 35.1145
5.3393, 35.0971
5.351, 35.0971
5.3626, 35.0796
5.3743, 35.0796
5.386, 35.0796
5.3976, 35.0622
5.4093, 35.0622
5.4209, 35.0622
5.4325, 35.0622
5.4443, 35.0447
5.4559, 35.0447
5.4676, 35.0273
5.4792, 35.0273
5.4909, 35.0273
5.5026, 35.0273
5.5142, 35.0273
5.5259, 35.0273
5.5375, 35.0273
5.5375, 35.0098
5.5492, 34.9924
5.5609, 34.9748
5.5725, 34.9748
5.5842, 34.9748
5.5958, 34.9575
5.6075, 34.9575
5.6192, 34.9575
5.6308, 34.94
5.6425, 34.94
5.6541, 34.94
5.6658, 34.9226
5.6774, 34.9226
5.6891, 34.9051
5.7008, 34.9051
5.7124, 34.9051
5.7241, 34.8877
5.7357, 34.8877
5.7473, 34.8877
5.7591, 34.8702
5.7707, 34.8702
5.7824, 34.8702
5.794, 34.8528
5.8056, 34.8528
5.8174, 34.8528
5.829, 34.8353
5.8407, 34.8353
5.8523, 34.8353
5.8639, 34.8178
5.8757, 34.8178
5.8873, 34.8004
5.899, 34.8004
5.9106, 34.8004
5.9223, 34.783
5.934, 34.783
5.9456, 34.783
5.9573, 34.7654
5.9689, 34.7654
5.9806, 34.7654
5.9923, 34.7654
6.0039, 34.7654
6.0156, 34.7654
6.0272, 34.7654
6.0389, 34.7654
6.0389, 34.7481
6.0506, 34.7306
6.0622, 34.7132
6.0739, 34.7132
6.0855, 34.7132
6.0972, 34.6957
6.1089, 34.6957
6.1205, 34.6957
6.1322, 34.6783
6.1438, 34.6783
6.1555, 34.6783
6.1672, 34.6783
6.1788, 34.6609
6.1905, 34.6609
6.2021, 34.6609
6.2138, 34.6434
6.2255, 34.6434
6.2371, 34.6434
6.2488, 34.626
6.2604, 34.626
6.2721, 34.626
6.2837, 34.6085
6.2953, 34.6085
6.3071, 34.6085
6.3187, 34.5911
6.3304, 34.5911
6.3421, 34.5911
6.3537, 34.5735
6.3654, 34.5735
6.377, 34.5735
6.3887, 34.5735
6.4003, 34.5562
6.412, 34.5562
6.4237, 34.5562
6.4353, 34.5562
6.447, 34.5387
6.4586, 34.5387
6.4703, 34.5213
6.482, 34.5213
6.4936, 34.5213
6.5053, 34.5213
6.517, 34.5213
6.5286, 34.5213
6.5403, 34.5038
6.5518, 34.4864
6.5636, 34.4864
6.5753, 34.4864
6.5869, 34.4689
6.5986, 34.4689
6.6101, 34.4689
6.6219, 34.4689
6.6335, 34.4515
6.6452, 34.4515
6.6569, 34.4515
6.6684, 34.434
6.6802, 34.434
6.6918, 34.434
6.7035, 34.434
6.7151, 34.4166
6.7268, 34.4166
6.7385, 34.4166
6.7501, 34.3991
6.7618, 34.3991
6.7734, 34.3991
6.7851, 34.3991
6.7968, 34.3817
6.8084, 34.3817
6.8201, 34.3817
6.8317, 34.3642
6.8434, 34.3642
6.8551, 34.3642
6.8668, 34.3642
6.8784, 34.3468
6.8901, 34.3468
6.9017, 34.3468
6.9134, 34.3293
6.925, 34.3293
6.9367, 34.3293
6.9484, 34.3293
6.96, 34.3293
6.9717, 34.3293
6.9832, 34.3119
6.995, 34.3119
7.0067, 34.3119
7.0183, 34.3119
7.03, 34.3119
7.03, 34.2944
7.0416, 34.277
7.0533, 34.277
7.065, 34.277
7.0766, 34.277
7.0883, 34.2595
7.0999, 34.2595
7.1116, 34.2595
7.1233, 34.2595
7.1349, 34.2421
7.1466, 34.2421
7.1583, 34.2421
7.1699, 34.2421
7.1816, 34.2246
7.1932, 34.2246
7.2049, 34.2246
7.2166, 34.2246
7.2282, 34.2072
7.2399, 34.2072
7.2515, 34.2072
7.2631, 34.2072
7.2749, 34.1897
7.2865, 34.1897
7.2982, 34.1897
7.3098, 34.1897
7.3215, 34.1723
7.3332, 34.1723
7.3448, 34.1723
7.3565, 34.1723
7.3681, 34.1549
7.3798, 34.1549
7.3915, 34.1549
7.4031, 34.1549
7.4148, 34.1374
7.4264, 34.1374
7.4381, 34.1374
7.4498, 34.1374
7.4614, 34.12
7.4731, 34.12
7.4847, 34.12
7.4964, 34.12
7.5081, 34.12
7.5197, 34.12
7.5314, 34.12
7.543, 34.1025
7.5547, 34.1025
7.5664, 34.0851
7.5779, 34.0851
7.5897, 34.0851
7.6013, 34.0851
7.613, 34.0676
7.6247, 34.0676
7.6362, 34.0676
7.648, 34.0676
7.6596, 34.0502
7.6713, 34.0502
7.683, 34.0502
7.6945, 34.0502
7.7063, 34.0502
7.7179, 34.0327
7.7296, 34.0327
7.7412, 34.0327
7.7529, 34.0327
7.7646, 34.0153
7.7762, 34.0153
7.7879, 34.0153
7.7995, 34.0153
7.8112, 34.0153
7.8229, 33.9978
7.8345, 33.9978
7.8462, 33.9978
7.8578, 33.9978
7.8695, 33.9804
7.8812, 33.9804
7.8928, 33.9804
7.9045, 33.9804
7.9162, 33.9804
7.9278, 33.9628
7.9395, 33.9628
7.9512, 33.9628
7.9628, 33.9628
7.9745, 33.9628
7.9861, 33.9455
7.9978, 33.9455
