#DataThief C:\Users\chelsea\OneDrive\Documents\PhD\Acetylene\DicationPES.png Thursday 6-Oct-2016 5:52:46 PM
5.2811, 35.289
5.2927, 35.289
5.3044, 35.2715
5.3161, 35.2715
5.3277, 35.2715
5.3394, 35.2715
5.351, 35.2715
5.3627, 35.2715
5.3744, 35.2715
5.386, 35.2715
5.3977, 35.2715
5.4094, 35.2715
5.421, 35.2715
5.4327, 35.2715
5.4443, 35.2715
5.456, 35.2715
5.4677, 35.2715
5.4793, 35.2715
5.491, 35.2715
5.5026, 35.2715
5.5143, 35.2715
5.526, 35.2715
5.5375, 35.2715
5.5493, 35.2541
5.561, 35.2541
5.5726, 35.2541
5.5843, 35.2541
5.5958, 35.2541
5.6076, 35.2541
5.6193, 35.2541
5.6309, 35.2541
5.6425, 35.2541
5.6542, 35.2366
5.6659, 35.2366
5.6776, 35.2366
5.6892, 35.2366
5.7008, 35.2366
5.7125, 35.2366
5.7242, 35.2366
5.7359, 35.2366
5.7475, 35.2366
5.7591, 35.2366
5.7709, 35.2366
5.7825, 35.2192
5.7942, 35.2192
5.8058, 35.2192
5.8175, 35.2192
5.8292, 35.2192
5.8408, 35.2192
5.8525, 35.2192
5.8641, 35.2192
5.8758, 35.2192
5.8875, 35.2192
5.8991, 35.2017
5.9108, 35.2017
5.9224, 35.2017
5.9341, 35.2017
5.9458, 35.2017
5.9574, 35.2017
5.9691, 35.2017
5.9808, 35.2017
5.9924, 35.2017
6.0041, 35.2017
6.0157, 35.2017
6.0274, 35.2017
6.0391, 35.2017
6.0507, 35.1843
6.0624, 35.1843
6.074, 35.1843
6.0857, 35.1843
6.0974, 35.1668
6.109, 35.1668
6.1207, 35.1668
6.1323, 35.1668
6.144, 35.1668
6.1557, 35.1668
6.1673, 35.1668
6.179, 35.1668
6.1907, 35.1494
6.2023, 35.1494
6.214, 35.1494
6.2256, 35.1494
6.2373, 35.1494
6.249, 35.1494
6.2606, 35.1494
6.2723, 35.132
6.2839, 35.132
6.2955, 35.132
6.3073, 35.132
6.3189, 35.132
6.3306, 35.132
6.3422, 35.132
6.3538, 35.1145
6.3656, 35.1145
6.3772, 35.1145
6.3889, 35.1145
6.4006, 35.1145
6.4122, 35.1145
6.4239, 35.1145
6.4355, 35.0971
6.4472, 35.0971
6.4588, 35.0971
6.4705, 35.0971
6.4822, 35.0971
6.4938, 35.0971
6.5055, 35.0971
6.5171, 35.0971
6.5288, 35.0971
6.5405, 35.0796
6.5521, 35.0796
6.5638, 35.0796
6.5755, 35.0796
6.5871, 35.0796
6.5988, 35.0622
6.6104, 35.0622
6.6221, 35.0622
6.6338, 35.0622
6.6454, 35.0622
6.6571, 35.0622
6.6686, 35.0447
6.6804, 35.0447
6.6921, 35.0447
6.7037, 35.0447
6.7154, 35.0447
6.7271, 35.0447
6.7387, 35.0447
6.7504, 35.0273
6.762, 35.0273
6.7737, 35.0273
6.7854, 35.0273
6.797, 35.0273
6.8087, 35.0273
6.8203, 35.0273
6.8319, 35.0098
6.8437, 35.0098
6.8553, 35.0098
6.867, 35.0098
6.8786, 35.0098
6.8902, 35.0098
6.902, 34.9924
6.9136, 34.9924
6.9253, 34.9924
6.937, 34.9924
6.9485, 34.9924
6.9603, 34.9924
6.9719, 34.9924
6.9836, 34.9924
6.9952, 34.9924
7.0069, 34.9924
7.0186, 34.9924
7.0302, 34.9924
7.0302, 34.9748
7.0419, 34.9748
7.0536, 34.9575
7.0652, 34.9575
7.0769, 34.9575
7.0885, 34.9575
7.1002, 34.9575
7.1118, 34.9575
7.1235, 34.9575
7.1352, 34.94
7.1468, 34.94
7.1585, 34.94
7.1702, 34.94
7.1818, 34.94
7.1935, 34.94
7.2052, 34.94
7.2168, 34.9226
7.2285, 34.9226
7.2401, 34.9226
7.2518, 34.9226
7.2635, 34.9226
7.2751, 34.9226
7.2868, 34.9051
7.2984, 34.9051
7.3101, 34.9051
7.3218, 34.9051
7.3334, 34.9051
7.3451, 34.9051
7.3567, 34.9051
7.3684, 34.8877
7.3801, 34.8877
7.3917, 34.8877
7.4034, 34.8877
7.415, 34.8877
7.4267, 34.8877
7.4384, 34.8702
7.45, 34.8702
7.4617, 34.8702
7.4733, 34.8702
7.4849, 34.8702
7.4967, 34.8702
7.5083, 34.8702
7.52, 34.8702
7.5316, 34.8702
7.5433, 34.8528
7.555, 34.8528
7.5666, 34.8528
7.5783, 34.8528
7.5899, 34.8528
7.6016, 34.8353
7.6133, 34.8353
7.6249, 34.8353
7.6366, 34.8353
7.6482, 34.8353
7.6599, 34.8353
7.6716, 34.8353
7.6832, 34.8178
7.6949, 34.8178
7.7066, 34.8178
7.7182, 34.8178
7.7299, 34.8178
7.7416, 34.8178
7.7532, 34.8004
7.7649, 34.8004
7.7765, 34.8004
7.7882, 34.8004
7.7999, 34.8004
7.8115, 34.8004
7.8232, 34.8004
7.8348, 34.783
7.8465, 34.783
7.8582, 34.783
7.8698, 34.783
7.8815, 34.783
7.8931, 34.783
7.9048, 34.783
7.9165, 34.7654
7.9281, 34.7654
7.9398, 34.7654
7.9514, 34.7654
7.963, 34.7654
7.9748, 34.7654
7.9864, 34.7481
7.9981, 34.7481
