#DataThief C:\Users\chelsea\OneDrive\Documents\PhD\Acetylene\DicationPES.png Thursday 6-Oct-2016 5:51:07 PM
1.8049, 32.6543
1.8166, 32.6543
1.8166, 32.6369
1.8282, 32.6369
1.8399, 32.6369
1.8399, 32.6194
1.8399, 32.6019
1.8282, 32.5845
1.8282, 32.5671
1.8399, 32.5495
1.8397, 32.5322
1.8515, 32.5147
1.8515, 32.4973
1.8631, 32.4798
1.8748, 32.4624
1.8748, 32.4449
1.8864, 32.4275
1.8864, 32.41
1.8981, 32.3926
1.9098, 32.3751
1.9098, 32.3577
1.9214, 32.3402
1.9214, 32.3228
1.9331, 32.3053
1.9447, 32.2879
1.9447, 32.2704
1.9564, 32.253
1.9564, 32.2356
1.968, 32.2181
1.9797, 32.2006
1.9797, 32.1832
1.9912, 32.1832
1.9912, 32.1658
2.003, 32.1482
2.003, 32.1309
2.0146, 32.1309
2.0263, 32.1309
2.0263, 32.1134
2.0379, 32.1134
2.0496, 32.1134
2.0613, 32.1134
2.0729, 32.1134
2.0846, 32.096
2.0962, 32.096
2.1078, 32.096
2.1196, 32.096
2.1312, 32.096
2.1429, 32.096
2.1546, 32.096
2.1662, 32.096
2.1779, 32.096
2.1895, 32.096
2.2012, 32.096
2.2129, 32.096
2.2245, 32.096
2.2362, 32.096
2.2362, 32.0785
2.2478, 32.096
2.2479, 32.1134
2.2595, 32.1134
2.2595, 32.1309
2.2711, 32.1482
2.2829, 32.1658
2.2945, 32.1832
2.3062, 32.2006
2.3179, 32.2006
2.3295, 32.2181
2.3412, 32.2356
2.3529, 32.2356
2.3645, 32.253
2.3761, 32.253
2.3761, 32.2704
2.3879, 32.2704
2.3995, 32.2879
2.4112, 32.2879
2.4228, 32.2879
2.4344, 32.2879
2.4344, 32.3053
2.4462, 32.3228
2.4462, 32.3402
2.4462, 32.3577
2.4579, 32.3751
2.4695, 32.3926
2.4812, 32.41
2.4812, 32.4275
2.4929, 32.4449
2.5045, 32.4624
2.5162, 32.4798
2.5279, 32.4973
2.5394, 32.5147
2.5512, 32.5322
2.5629, 32.5495
2.5629, 32.5671
2.5746, 32.5671
2.5746, 32.5845
2.5862, 32.6019
2.5979, 32.6194
2.5979, 32.6369
2.5979, 32.6543
2.5979, 32.6718
2.6096, 32.6718
2.6212, 32.6718
2.6329, 32.6892
2.6446, 32.6892
2.6562, 32.7067
2.6562, 32.7241
2.6679, 32.7415
2.6796, 32.759
2.6912, 32.7764
2.7029, 32.7939
2.7029, 32.8113
2.7146, 32.8288
2.7263, 32.8462
2.7379, 32.8637
2.7496, 32.8811
2.7612, 32.8986
2.7612, 32.916
2.7729, 32.916
2.7729, 32.9335
2.7846, 32.9508
2.7963, 32.9684
2.8079, 32.9858
2.8195, 32.9858
2.8313, 32.9858
2.8313, 33.0033
2.8429, 33.0207
2.8429, 33.0382
2.843, 33.0556
2.8546, 33.0731
2.8546, 33.0905
2.8662, 33.108
2.878, 33.1254
2.8896, 33.1429
2.9013, 33.1602
2.9013, 33.1778
2.913, 33.1952
2.9245, 33.2126
2.9363, 33.2301
2.948, 33.2475
2.948, 33.265
2.9597, 33.2824
2.9713, 33.2999
2.983, 33.3173
2.9947, 33.3348
3.0063, 33.3522
3.018, 33.3522
3.0296, 33.3522
3.0413, 33.3522
3.0413, 33.3697
3.0413, 33.3871
3.053, 33.4046
3.053, 33.422
3.053, 33.4395
3.053, 33.4569
3.0647, 33.4744
3.0763, 33.4918
3.088, 33.5093
3.0997, 33.5267
3.1113, 33.5442
3.123, 33.5615
3.123, 33.5791
3.1347, 33.5965
3.1464, 33.6139
3.158, 33.6314
3.1697, 33.6489
3.1814, 33.6663
3.193, 33.6838
3.2046, 33.7012
3.2164, 33.7012
3.228, 33.7012
3.2397, 33.7012
3.2397, 33.7186
3.2397, 33.7361
3.2514, 33.7534
3.2514, 33.771
3.2514, 33.7884
3.263, 33.8058
3.2747, 33.8233
3.2864, 33.8408
3.2981, 33.8582
3.2981, 33.8757
3.3096, 33.8931
3.3214, 33.9106
3.3331, 33.928
3.3447, 33.9455
3.3564, 33.9628
3.3681, 33.9804
3.3797, 33.9978
3.3914, 34.0153
3.4031, 34.0327
3.4031, 34.0502
3.4031, 34.0676
3.4031, 34.0851
3.4148, 34.0851
3.4264, 34.0851
3.4381, 34.1025
3.4497, 34.1025
3.4614, 34.12
3.4731, 34.1374
3.4848, 34.1549
3.4964, 34.1723
3.5081, 34.1897
3.5198, 34.2072
3.5314, 34.2072
3.5431, 34.2246
3.5431, 34.2421
3.5548, 34.2421
3.5548, 34.2595
3.5664, 34.277
3.5781, 34.2944
3.5897, 34.2944
3.6014, 34.3119
3.6131, 34.3119
3.6247, 34.3119
3.6364, 34.3119
3.6481, 34.3293
3.6481, 34.3468
3.6598, 34.3642
3.6714, 34.3817
3.6714, 34.3991
3.6831, 34.4166
3.6947, 34.434
3.7064, 34.4515
3.7181, 34.4515
3.7298, 34.4689
3.7414, 34.4864
3.753, 34.5038
3.7648, 34.5213
3.7764, 34.5213
3.7764, 34.5387
3.7881, 34.5387
3.7997, 34.5562
3.8114, 34.5562
3.8231, 34.5562
3.8348, 34.5562
3.8348, 34.5735
3.8348, 34.5911
3.8464, 34.6085
3.858, 34.626
3.8698, 34.626
3.8814, 34.6434
3.8931, 34.6609
3.9048, 34.6609
3.9163, 34.6783
3.9281, 34.6957
3.9398, 34.6957
3.9514, 34.7132
3.963, 34.7306
3.9748, 34.7306
3.9748, 34.7481
3.9864, 34.7481
3.9981, 34.7654
4.0098, 34.7654
4.0214, 34.7654
4.0331, 34.7654
4.0331, 34.783
4.0448, 34.8004
4.0564, 34.8178
4.0681, 34.8178
4.0798, 34.8353
4.0914, 34.8353
4.1031, 34.8528
4.1147, 34.8528
4.1264, 34.8702
4.1381, 34.8702
4.1497, 34.8877
4.1614, 34.8877
4.1731, 34.9051
4.1847, 34.9226
4.1964, 34.9226
4.2081, 34.94
4.2197, 34.94
4.2314, 34.9575
4.2431, 34.9575
4.2431, 34.9748
4.2547, 34.9748
4.2664, 34.9748
4.2781, 34.9748
4.2897, 34.9748
4.3014, 34.9924
4.3131, 35.0098
4.3247, 35.0098
4.3364, 35.0098
4.3479, 35.0273
4.3597, 35.0273
4.3714, 35.0447
4.383, 35.0447
4.3947, 35.0447
4.4064, 35.0622
4.418, 35.0622
4.4297, 35.0796
4.4414, 35.0796
4.453, 35.0971
4.4647, 35.0971
4.4763, 35.0971
4.488, 35.0971
4.4997, 35.1145
4.5112, 35.1145
4.523, 35.1145
4.5347, 35.1145
4.5463, 35.132
4.558, 35.132
4.5697, 35.132
4.5813, 35.1494
4.593, 35.1494
4.6046, 35.1494
4.6162, 35.1494
4.628, 35.1668
4.6396, 35.1668
4.6513, 35.1668
4.663, 35.1668
4.6745, 35.1843
4.6863, 35.1843
4.698, 35.1843
4.7096, 35.2017
4.7213, 35.2017
4.7328, 35.2017
4.7446, 35.2017
4.7563, 35.2192
4.7679, 35.2192
4.7795, 35.2192
4.7913, 35.2192
4.8029, 35.2192
4.8146, 35.2192
4.8262, 35.2192
4.8378, 35.2192
4.8496, 35.2366
4.8612, 35.2366
4.8729, 35.2366
4.8846, 35.2366
4.8961, 35.2366
4.9079, 35.2366
4.9195, 35.2366
4.9312, 35.2541
4.9428, 35.2541
4.9545, 35.2715
4.9662, 35.2715
4.9662, 35.289
4.9779, 35.289
4.9895, 35.289
5.0012, 35.289
