1.7 -75.74206556 -75.52467065 -75.52467065 -75.45647072 -75.45647072 -75.44998143 -75.44417440 -75.44417440 -75.29234218 -75.26825845
1.8 -75.76207674 -75.54818572 -75.54818572 -75.47967200 -75.47967200 -75.47549894 -75.47549894 -75.46901762 -75.31287060 -75.28903551
1.9 -75.77395945 -75.56519589 -75.56519589 -75.50471518 -75.50471518 -75.48661296 -75.48661296 -75.48014080 -75.32519840 -75.30303582
2.0 -75.77999561 -75.57814553 -75.57814553 -75.52087458 -75.52087458 -75.49213282 -75.49213282 -75.48566470 -75.33150184 -75.31451312
2.1 -75.78197222 -75.58855469 -75.58855469 -75.52985407 -75.52985407 -75.49380892 -75.49380891 -75.48733557 -75.33364243 -75.32551765
2.2 -75.78111227 -75.59705440 -75.59705440 -75.53347580 -75.53347579 -75.49279693 -75.49279693 -75.48631003 -75.35572218 -75.33484148
2.3 -75.77818880 -75.60388775 -75.60388775 -75.53331013 -75.53331013 -75.48981959 -75.48981959 -75.48331485 -75.36507441 -75.34227110
2.4 -75.77375278 -75.60928307 -75.60928306 -75.53053038 -75.53053038 -75.48539788 -75.48539787 -75.47887424 -75.37195535 -75.34815588
2.5 -75.76825790 -75.61349556 -75.61349555 -75.52598977 -75.52598977 -75.47996955 -75.47996955 -75.47342650 -75.37700969 -75.35287697
2.6 -75.76207841 -75.61676846 -75.61676845 -75.52030675 -75.52030675 -75.47390478 -75.47390478 -75.46733988 -75.38073090 -75.35675989
2.7 -75.75550840 -75.61931722 -75.61931721 -75.51392522 -75.51392522 -75.46750416 -75.46750416 -75.46091085 -75.38350793 -75.36008742
2.8 -75.74876979 -75.62132538 -75.62132538 -75.50716163 -75.50716163 -75.46100801 -75.46100801 -75.45437217 -75.36311633 -75.36311632
2.9 -75.74202515 -75.62294500 -75.62294500 -75.50024014 -75.50024014 -75.45461617 -75.45461617 -75.44790888 -75.38752736 -75.36608918
3.0 -75.73539045 -75.62429911 -75.62429910 -75.49331818 -75.49331818 -75.44851992 -75.44851992 -75.44167971 -75.38944104 -75.38873585
3.1 -75.72894608 -75.62548552 -75.62548551 -75.48650502 -75.48650502 -75.44296582 -75.44296582 -75.43585027 -75.40333589 -75.39231715
3.2 -75.72274601 -75.62658103 -75.62658103 -75.47987533 -75.47987533 -75.43842067 -75.43842067 -75.43066008 -75.41647550 -75.40308175
3.3 -75.71682505 -75.62764533 -75.62764532 -75.47347926 -75.47347926 -75.43597377 -75.43597376 -75.42828708 -75.42658401 -75.41040854
3.4 -75.71120457 -75.62872420 -75.62872420 -75.46734994 -75.46734994 -75.43893293 -75.43722058 -75.43722058 -75.42460555 -75.41292828
3.5 -75.70589675 -75.62985216 -75.62985216 -75.46150891 -75.46150891 -75.44857504 -75.44157372 -75.44157371 -75.41141738 -75.41141738
3.6 -75.70090772 -75.63105433 -75.63105433 -75.45736295 -75.45597016 -75.45597015 -75.44686504 -75.44686504 -75.42903803 -75.40820392
3.7 -75.69623973 -75.63234795 -75.63234795 -75.46542779 -75.45200278 -75.45200277 -75.45074302 -75.45074302 -75.43310705 -75.40451631
3.8 -75.69189266 -75.63374347 -75.63374346 -75.47287875 -75.45665725 -75.45665725 -75.44583426 -75.44583426 -75.43711712 -75.40161038
3.9 -75.68786487 -75.63524553 -75.63524553 -75.47980128 -75.46075704 -75.46075704 -75.44124956 -75.44124956 -75.44078948 -75.40537164
4.0 -75.68415377 -75.63685388 -75.63685388 -75.48625734 -75.46431511 -75.46431511 -75.44404350 -75.43699485 -75.43699484 -75.40894927
4.1 -75.68075600 -75.63856420 -75.63856419 -75.49228773 -75.46737286 -75.46737286 -75.44687389 -75.43307756 -75.43307756 -75.42208831
4.2 -75.67766748 -75.64036894 -75.64036894 -75.49791632 -75.46998017 -75.46998016 -75.44930479 -75.42950918 -75.42950917 -75.42770405
4.3 -75.67488330 -75.64225821 -75.64225821 -75.50315536 -75.47218770 -75.47218770 -75.45137156 -75.43247553 -75.42631441 -75.42631441
4.4 -75.67239751 -75.64422053 -75.64422053 -75.50801062 -75.47404372 -75.47404372 -75.45311276 -75.43650564 -75.42362975 -75.42362974
4.5 -75.67020297 -75.64624355 -75.64624354 -75.51248570 -75.47559280 -75.47559280 -75.45456649 -75.43989212 -75.42365360 -75.42365360
4.6 -75.66829118 -75.64831468 -75.64831468 -75.51658508 -75.47687543 -75.47687542 -75.45576879 -75.44272471 -75.42558978 -75.42558968
4.7 -75.66665215 -75.65042161 -75.65042161 -75.52031586 -75.47792795 -75.47792795 -75.45675282 -75.44508383 -75.42738164 -75.42738163
4.8 -75.66527436 -75.65255266 -75.65255266 -75.52368856 -75.47878274 -75.47878273 -75.45754861 -75.44704023 -75.42894868 -75.42894867
4.9 -75.66414478 -75.65469705 -75.65469705 -75.52671712 -75.47946843 -75.47946843 -75.45818303 -75.44865538 -75.43029680 -75.43029680
5.0 -75.66324901 -75.65684507 -75.65684507 -75.52941863 -75.48001025 -75.48001025 -75.45867996 -75.44998219 -75.43144332 -75.43144332
5.1 -75.66257151 -75.65898814 -75.65898814 -75.53181270 -75.48043028 -75.48043028 -75.45906045 -75.45106599 -75.43240845 -75.43240844
5.2 -75.66209584 -75.66111885 -75.66111884 -75.53392076 -75.48074781 -75.48074781 -75.45934294 -75.45194542 -75.43321285 -75.43321284
5.3 -75.66323085 -75.66323085 -75.66180502 -75.53576542 -75.48097958 -75.48097958 -75.45954352 -75.45265336 -75.43387647 -75.43387647
5.4 -75.66531889 -75.66531889 -75.66168183 -75.53736978 -75.48114012 -75.48114011 -75.45967618 -75.45321776 -75.43441808 -75.43441807
5.5 -75.66737861 -75.66737861 -75.66170921 -75.53875686 -75.48124193 -75.48124192 -75.45975299 -75.45366232 -75.43485492 -75.43485492
5.6 -75.66940654 -75.66940653 -75.66187050 -75.53994912 -75.48129578 -75.48129577 -75.45978435 -75.45400714 -75.43520266 -75.43520266
5.7 -75.67139993 -75.67139993 -75.66214976 -75.54096804 -75.48131087 -75.48131086 -75.45977915 -75.45426924 -75.43547542 -75.43547542
5.8 -75.67335671 -75.67335671 -75.66253196 -75.54183388 -75.48129504 -75.48129504 -75.45974498 -75.45446303 -75.43568583 -75.43568582
5.9 -75.67527536 -75.67527535 -75.66300312 -75.54256544 -75.48125494 -75.48125494 -75.45968827 -75.45460068 -75.43584528 -75.43584527
6.0 -75.67715482 -75.67715482 -75.66355042 -75.54317992 -75.48119617 -75.48119615 -75.45961442 -75.45469245 -75.43596423 -75.43596423
6.1 -75.67899447 -75.67899447 -75.66416222 -75.54369295 -75.48112341 -75.48112340 -75.45952797 -75.45474699 -75.43605272 -75.43605272
6.2 -75.68079400 -75.68079400 -75.66482808 -75.54411853 -75.48104057 -75.48104057 -75.45943268 -75.45477154 -75.43612156 -75.43612156
6.3 -75.68255341 -75.68255340 -75.66553871 -75.54446911 -75.48095085 -75.48095084 -75.45933163 -75.45477219 -75.43618509 -75.43618508
6.4 -75.68427289 -75.68427289 -75.66628593 -75.54475570 -75.48085688 -75.48085688 -75.45922735 -75.45475400 -75.43626997 -75.43626996
6.5 -75.68595285 -75.68595285 -75.66706256 -75.54498792 -75.48076078 -75.48076078 -75.45912186 -75.45472117 -75.43644785 -75.43644785
6.6 -75.68759385 -75.68759385 -75.66786233 -75.54517419 -75.48066423 -75.48066423 -75.45467720 -75.43693078 -75.43693077 -75.43498609
6.7 -75.68919656 -75.68919655 -75.66867989 -75.54532177 -75.48056858 -75.48056858 -75.45462497 -75.43791943 -75.43791943 -75.43543700
6.8 -75.69076173 -75.69076173 -75.66951057 -75.54543693 -75.48047485 -75.48047485 -75.45456681 -75.43918228 -75.43918228 -75.43558076
6.9 -75.69229020 -75.69229020 -75.67035039 -75.54552508 -75.48038380 -75.48038380 -75.45450464 -75.44051811 -75.44051811 -75.43562000
7.0 -75.69378285 -75.69378285 -75.67119599 -75.54559080 -75.48029600 -75.48029599 -75.45444002 -75.44186366 -75.44186366 -75.43561934
7.1 -75.69524060 -75.69524060 -75.67204447 -75.54563804 -75.48021183 -75.48021183 -75.45437419 -75.44319849 -75.44319848 -75.43560045
7.2 -75.69666438 -75.69666438 -75.67289342 -75.54567012 -75.48013155 -75.48013155 -75.45430813 -75.44451472 -75.44451472 -75.43557237
7.3 -75.69805515 -75.69805515 -75.67374080 -75.54568985 -75.48005530 -75.48005529 -75.45424262 -75.44580891 -75.44580891 -75.43553962
7.4 -75.69941385 -75.69941384 -75.67458490 -75.54569962 -75.47998311 -75.47998311 -75.45417825 -75.44707952 -75.44707951 -75.43550470
7.5 -75.70074141 -75.70074141 -75.67542431 -75.54570141 -75.47991497 -75.47991497 -75.45821793 -75.45411547 -75.44832591 -75.44832591
7.6 -75.70203879 -75.70203878 -75.67625783 -75.54569690 -75.47985081 -75.47985081 -75.45815044 -75.45405461 -75.44954792 -75.44954792
7.7 -75.70330687 -75.70330687 -75.67708450 -75.54568746 -75.47979049 -75.47979048 -75.45399588 -75.45074569 -75.45074568 -75.43539963
7.8 -75.70454657 -75.70454657 -75.67790354 -75.54567424 -75.47973387 -75.47973386 -75.45393945 -75.45191952 -75.45191947 -75.43536668
7.9 -75.70575876 -75.70575876 -75.67871431 -75.54565818 -75.47968077 -75.47968077 -75.45388540 -75.45306980 -75.45306976 -75.43533530
8.0 -75.70694428 -75.70694428 -75.67951629 -75.54564005 -75.47963100 -75.47963100 -75.45419700 -75.45419697 -75.45383374 -75.43530563
